
010101010101010101
0101010101010101
01010101010101
010101010101
0101010101
01010101
010101
0101
01

020202020202020202
0202020202020202
02020202020202
020202020202
0202020202
02020202
020202
0202
02

030303030303030303
0303030303030303
03030303030303
030303030303
0303030303
03030303
030303
0303
03

040404040404040404
0404040404040404
04040404040404
040404040404
0404040404
04040404
040404
0404
04

050505050505050505
0505050505050505
05050505050505
050505050505
0505050505
05050505
050505
0505
05

060606060606060606
0606060606060606
06060606060606
060606060606
0606060606
06060606
060606
0606
06

070707070707070707
0707070707070707
07070707070707
070707070707
0707070707
07070707
070707
0707
07

080808080808080808
0808080808080808
08080808080808
080808080808
0808080808
08080808
080808
0808
08

090909090909090909
0909090909090909
09090909090909
090909090909
0909090909
09090909
090909
0909
09



101010101010101010
1010101010101010
10101010101010
101010101010
1010101010
10101010
101010
1010
10

121212121212121212
1212121212121212
12121212121212
121212121212
1212121212
12121212
121212
1212
12

131313131313131313
1313131313131313
13131313131313
131313131313
1313131313
13131313
131313
1313
13

141414141414141414
1414141414141414
14141414141414
141414141414
1414141414
14141414
141414
1414
14

151515151515151515
1515151515151515
15151515151515
151515151515
1515151515
15151515
151515
1515
15

161616161616161616
1616161616161616
16161616161616
161616161616
1616161616
16161616
161616
1616
16

171717171717171717
1717171717171717
17171717171717
171717171717
1717171717
17171717
171717
1717
17

181818181818181818
1818181818181818
18181818181818
181818181818
1818181818
18181818
181818
1818
18

191919191919191919
1919191919191919
19191919191919
191919191919
1919191919
19191919
191919
1919
19



202020202020202020
2020202020202020
20202020202020
202020202020
2020202020
20202020
202020
2020
20

212121212121212121
2121212121212121
21212121212121
212121212121
2121212121
21212121
212121
2121
21

232323232323232323
2323232323232323
23232323232323
232323232323
2323232323
23232323
232323
2323
23

242424242424242424
2424242424242424
24242424242424
242424242424
2424242424
24242424
242424
2424
24

252525252525252525
2525252525252525
25252525252525
252525252525
2525252525
25252525
252525
2525
25

262626262626262626
2626262626262626
26262626262626
262626262626
2626262626
26262626
262626
2626
26

272727272727272727
2727272727272727
27272727272727
272727272727
2727272727
27272727
272727
2727
27

282828282828282828
2828282828282828
28282828282828
282828282828
2828282828
28282828
282828
2828
28

292929292929292929
2929292929292929
29292929292929
292929292929
2929292929
29292929
292929
2929
29



303030303030303030
3030303030303030
30303030303030
303030303030
3030303030
30303030
303030
3030
30

313131313131313131
3131313131313131
31313131313131
313131313131
3131313131
31313131
313131
3131
31

323232323232323232
3232323232323232
32323232323232
323232323232
3232323232
32323232
323232
3232
32

343434343434343434
3434343434343434
34343434343434
343434343434
3434343434
34343434
343434
3434
34

353535353535353535
3535353535353535
35353535353535
353535353535
3535353535
35353535
353535
3535
35

363636363636363636
3636363636363636
36363636363636
363636363636
3636363636
36363636
363636
3636
36

373737373737373737
3737373737373737
37373737373737
373737373737
3737373737
37373737
373737
3737
37

383838383838383838
3838383838383838
38383838383838
383838383838
3838383838
38383838
383838
3838
38

393939393939393939
3939393939393939
39393939393939
393939393939
3939393939
39393939
393939
3939
39



404040404040404040
4040404040404040
40404040404040
404040404040
4040404040
40404040
404040
4040
40

414141414141414141
4141414141414141
41414141414141
414141414141
4141414141
41414141
414141
4141
41

424242424242424242
4242424242424242
42424242424242
424242424242
4242424242
42424242
424242
4242
42

434343434343434343
4343434343434343
43434343434343
434343434343
4343434343
43434343
434343
4343
43

454545454545454545
4545454545454545
45454545454545
454545454545
4545454545
45454545
454545
4545
45

464646464646464646
4646464646464646
46464646464646
464646464646
4646464646
46464646
464646
4646
46

474747474747474747
4747474747474747
47474747474747
474747474747
4747474747
47474747
474747
4747
47

484848484848484848
4848484848484848
48484848484848
484848484848
4848484848
48484848
484848
4848
48

494949494949494949
4949494949494949
49494949494949
494949494949
4949494949
49494949
494949
4949
49



505050505050505050
5050505050505050
50505050505050
505050505050
5050505050
50505050
505050
5050
50

515151515151515151
5151515151515151
51515151515151
515151515151
5151515151
51515151
515151
5151
51

525252525252525252
5252525252525252
52525252525252
525252525252
5252525252
52525252
525252
5252
52

535353535353535353
5353535353535353
53535353535353
535353535353
5353535353
53535353
535353
5353
53

545454545454545454
5454545454545454
54545454545454
545454545454
5454545454
54545454
545454
5454
54

565656565656565656
5656565656565656
56565656565656
565656565656
5656565656
56565656
565656
5656
56

575757575757575757
5757575757575757
57575757575757
575757575757
5757575757
57575757
575757
5757
57

585858585858585858
5858585858585858
58585858585858
585858585858
5858585858
58585858
585858
5858
58

595959595959595959
5959595959595959
59595959595959
595959595959
5959595959
59595959
595959
5959
59



606060606060606060
6060606060606060
60606060606060
606060606060
6060606060
60606060
606060
6060
60

616161616161616161
6161616161616161
61616161616161
616161616161
6161616161
61616161
616161
6161
61

626262626262626262
6262626262626262
62626262626262
626262626262
6262626262
62626262
626262
6262
62

636363636363636363
6363636363636363
63636363636363
636363636363
6363636363
63636363
636363
6363
63

646464646464646464
6464646464646464
64646464646464
646464646464
6464646464
64646464
646464
6464
64

656565656565656565
6565656565656565
65656565656565
656565656565
6565656565
65656565
656565
6565
65

676767676767676767
6767676767676767
67676767676767
676767676767
6767676767
67676767
676767
6767
67

686868686868686868
6868686868686868
68686868686868
686868686868
6868686868
68686868
686868
6868
68

696969696969696969
6969696969696969
69696969696969
696969696969
6969696969
69696969
696969
6969
69



707070707070707070
7070707070707070
70707070707070
707070707070
7070707070
70707070
707070
7070
70

717171717171717171
7171717171717171
71717171717171
717171717171
7171717171
71717171
717171
7171
71

727272727272727272
7272727272727272
72727272727272
727272727272
7272727272
72727272
727272
7272
72

737373737373737373
7373737373737373
73737373737373
737373737373
7373737373
73737373
737373
7373
73

747474747474747474
7474747474747474
74747474747474
747474747474
7474747474
74747474
747474
7474
74

757575757575757575
7575757575757575
75757575757575
757575757575
7575757575
75757575
757575
7575
75

767676767676767676
7676767676767676
76767676767676
767676767676
7676767676
76767676
767676
7676
76

787878787878787878
7878787878787878
78787878787878
787878787878
7878787878
78787878
787878
7878
78

797979797979797979
7979797979797979
79797979797979
797979797979
7979797979
79797979
797979
7979
79



808080808080808080
8080808080808080
80808080808080
808080808080
8080808080
80808080
808080
8080
80

818181818181818181
8181818181818181
81818181818181
818181818181
8181818181
81818181
818181
8181
81

828282828282828282
8282828282828282
82828282828282
828282828282
8282828282
82828282
828282
8282
82

838383838383838383
8383838383838383
83838383838383
838383838383
8383838383
83838383
838383
8383
83

848484848484848484
8484848484848484
84848484848484
848484848484
8484848484
84848484
848484
8484
84

858585858585858585
8585858585858585
85858585858585
858585858585
8585858585
85858585
858585
8585
85

868686868686868686
8686868686868686
86868686868686
868686868686
8686868686
86868686
868686
8686
86

878787878787878787
8787878787878787
87878787878787
878787878787
8787878787
87878787
878787
8787
87

898989898989898989
8989898989898989
89898989898989
898989898989
8989898989
89898989
898989
8989
89



909090909090909090
9090909090909090
90909090909090
909090909090
9090909090
90909090
909090
9090
90

919191919191919191
9191919191919191
91919191919191
919191919191
9191919191
91919191
919191
9191
91

929292929292929292
9292929292929292
92929292929292
929292929292
9292929292
92929292
929292
9292
92

939393939393939393
9393939393939393
93939393939393
939393939393
9393939393
93939393
939393
9393
93

949494949494949494
9494949494949494
94949494949494
949494949494
9494949494
94949494
949494
9494
94

959595959595959595
9595959595959595
95959595959595
959595959595
9595959595
95959595
959595
9595
95

969696969696969696
9696969696969696
96969696969696
969696969696
9696969696
96969696
969696
9696
96

979797979797979797
9797979797979797
97979797979797
979797979797
9797979797
97979797
979797
9797
97

989898989898989898
9898989898989898
98989898989898
989898989898
9898989898
98989898
989898
9898
98


000000000000
00000000000
0000000000
000000000
00000000
0000000
000000
00000
0000
000
00

111111111111
11111111111
1111111111
111111111
11111111
1111111
111111
11111
1111
111
11

222222222222
22222222222
2222222222
222222222
22222222
2222222
222222
22222
2222
222
22

333333333333
33333333333
3333333333
333333333
33333333
3333333
333333
33333
3333
333
33

444444444444
44444444444
4444444444
444444444
44444444
4444444
444444
44444
4444
444
44

555555555555
55555555555
5555555555
555555555
55555555
5555555
555555
55555
5555
555
55

666666666666
66666666666
6666666666
666666666
66666666
6666666
666666
66666
6666
666
66

777777777777
77777777777
7777777777
777777777
77777777
7777777
777777
77777
7777
777
77

888888888888
88888888888
8888888888
888888888
88888888
8888888
888888
88888
8888
888
88

999999999999
99999999999
9999999999
999999999
99999999
9999999
999999
99999
9999
999
99


123456789
12345678
1234567
123456
12345
1234
123
12
1

0123456789
012345678
01234567
0123456
012345
01234
0123
012
01

1234567890
123456780
12345670
1234560
123450
12340
1230
120
10

987654321
98765432
9876543
987654
98765
9876
987
98
9

0987654321
098765432
09876543
0987654
098765
09876
0987
098
09

9876543210
987654320
98765430
9876540
987650
98760
9870
980
90

987654321
87654321
7654321
654321
54321
4321
321
21
1

0987654321
087654321
07654321
0654321
054321
04321
0321
021
01

9876543210
876543210
76543210
6543210
543210
43210
3210
210
10

2468
8642
02468
08642
24680
86420

13579
97531
013579
097531
135790
975310

2486
2684
4862
4268
8624
8426
6248
6842
2846
4628
6428
2864
8264
6482
8246
4682

159357
357159
753951
951753
159753
753159
951357
357951

246813579
246897531
135792468
135798462

0246813579
0246897531
1357902468
1357984620

147896325
123698745
321478965
369874125
963214785
987412365
789632145
741236985

0369
9630
147
741
963
2468
8642
02468
08642
24680
86420

13579
97531
013579
097531
135790
975310

2486
2684
4862
4268
8624
8426
6248
6842
2846
4628
6428
2864
8264
6482
8246
4682

159357
357159
753951
951753
159753
753159
951357
357951

246813579
246897531
135792468
135798462

0246813579
0246897531
1357902468
1357984620

147896325
123698745
321478965
369874125
963214785
987412365
789632145
741236985

0369
9630
147
741
963



